0 0.334375 0.35 0.11796875 0.21953125
0 0.1046875 0.4984375 0.19609375 0.23515625
0 0.51328125 0.86015625 0.12421875 0.1875
0 0.6421875 0.86171875 0.13125 0.22734375
0 0.74921875 0.546875 0.0828125 0.1375
0 0.3625 0.57578125 0.30625 0.21640625
0 0.28203125 0.93984375 0.103125 0.1203125
0 0.3828125 0.94609375 0.0578125 0.10546875
0 0.0515625 0.27734375 0.0484375 0.07421875
0 0.1125 0.2671875 0.05234375 0.121875
0 0.84296875 0.4640625 0.07890625 0.1609375
0 0.7765625 0.86796875 0.04609375 0.11875
0 0.903125 0.890625 0.0734375 0.1265625
0 0.978125 0.90625 0.04296875 0.1328125
0 0.90546875 0.62265625 0.08359375 0.0875