0 0.334375 0.35 0.1251953125 0.22197265625
0 0.10546875 0.49765625 0.2109375 0.2484375
0 0.51328125 0.86015625 0.13564453125 0.19267578125
0 0.6421875 0.86171875 0.1498046875 0.2359375
0 0.74921875 0.546875 0.08544921875 0.137890625
0 0.3625 0.57578125 0.321484375 0.2390625
0 0.28203125 0.9375 0.1140625 0.125
0 0.3828125 0.94609375 0.0619140625 0.1076171875
0 0.0515625 0.27734375 0.053515625 0.0767578125
0 0.1125 0.2671875 0.058984375 0.1244140625
0 0.84296875 0.4640625 0.082421875 0.16318359375
0 0.7765625 0.86796875 0.05927734375 0.121875
0 0.903125 0.890625 0.08779296875 0.1318359375
0 0.97734375 0.90546875 0.0453125 0.1328125
0 0.90546875 0.62265625 0.08837890625 0.09150390625