0 0.334375 0.35 0.125 0.2220703125
0 0.1046875 0.4984375 0.20859375 0.2439453125
0 0.51328125 0.86015625 0.1291015625 0.1888671875
0 0.6421875 0.86171875 0.1431640625 0.232421875
0 0.74921875 0.546875 0.0884765625 0.140625
0 0.3625 0.57578125 0.312890625 0.226953125
0 0.28125 0.9375 0.115625 0.125
0 0.3828125 0.94609375 0.05869140625 0.10517578125
0 0.0515625 0.27734375 0.0501953125 0.07587890625
0 0.1125 0.2671875 0.053125 0.12177734375
0 0.84296875 0.4640625 0.079296875 0.1623046875
0 0.7765625 0.86796875 0.0591796875 0.121875
0 0.903125 0.890625 0.08779296875 0.1318359375
0 0.9765625 0.90546875 0.046875 0.1328125
0 0.90546875 0.62265625 0.0884765625 0.0916015625