0 0.8046875 0.6828125 0.390625 0.459375
0 0.44609375 0.6796875 0.371875 0.3630859375
0 0.08515625 0.5453125 0.1703125 0.196875
0 0.14453125 0.38359375 0.075 0.06728515625
0 0.2390625 0.509375 0.0787109375 0.09091796875
0 0.7125 0.284375 0.575 0.375
0 0.06796875 0.871875 0.1359375 0.25625
0 0.665625 0.9515625 0.2125 0.096875
0 0.37109375 0.3421875 0.06748046875 0.08408203125
0 0.271875 0.34765625 0.09326171875 0.06748046875
0 0.2578125 0.2828125 0.06875 0.0654296875
0 0.046875 0.3359375 0.09375 0.128125