0 0.8109375 0.68359375 0.378125 0.4390625
0 0.44609375 0.6796875 0.3375 0.32734375
0 0.084375 0.54609375 0.16875 0.19140625
0 0.14453125 0.38359375 0.075 0.06796875
0 0.2390625 0.509375 0.08046875 0.08984375
0 0.71953125 0.28515625 0.5609375 0.325
0 0.06796875 0.8734375 0.1296875 0.253125
0 0.66640625 0.95546875 0.2078125 0.08828125
0 0.37109375 0.3421875 0.06015625 0.07890625
0 0.271875 0.34765625 0.08984375 0.0625
0 0.2578125 0.2828125 0.06171875 0.05703125
0 0.04609375 0.33671875 0.0921875 0.12265625