0 0.80703125 0.68359375 0.3859375 0.4515625
0 0.44609375 0.6796875 0.371875 0.36318359375
0 0.08671875 0.5453125 0.1734375 0.203125
0 0.14453125 0.38359375 0.075 0.06728515625
0 0.2390625 0.509375 0.0787109375 0.09052734375
0 0.7125 0.284375 0.575 0.375
0 0.07109375 0.8703125 0.1421875 0.259375
0 0.665625 0.94921875 0.215625 0.1015625
0 0.37109375 0.3421875 0.06357421875 0.08056640625
0 0.271875 0.34765625 0.09443359375 0.07099609375
0 0.2578125 0.2828125 0.0625 0.058984375
0 0.046875 0.3359375 0.09375 0.128125