0 0.12578125 0.65 0.2515625 0.3125
0 0.41015625 0.72890625 0.2666015625 0.164453125
0 0.646875 0.8421875 0.1599609375 0.1873046875
0 0.73125 0.52734375 0.1091796875 0.05185546875
0 0.61640625 0.475 0.1328125 0.0720703125
0 0.42265625 0.509375 0.105078125 0.06171875
0 0.42578125 0.60703125 0.12099609375 0.09912109375
0 0.5484375 0.55859375 0.1212890625 0.0888671875
0 0.5796875 0.63515625 0.13134765625 0.070703125
0 0.521875 0.38515625 0.0755859375 0.0548828125
0 0.278125 0.43359375 0.1587890625 0.11123046875
0 0.4046875 0.34921875 0.0970703125 0.0576171875