0 0.12109375 0.65078125 0.2421875 0.2984375
0 0.41015625 0.72890625 0.25771484375 0.146875
0 0.646875 0.8421875 0.1474609375 0.1779296875
0 0.73125 0.52734375 0.109765625 0.0572265625
0 0.61640625 0.475 0.1359375 0.08125
0 0.42265625 0.509375 0.104296875 0.05703125
0 0.42578125 0.60703125 0.1201171875 0.0978515625
0 0.5484375 0.55859375 0.1126953125 0.0767578125
0 0.5796875 0.63515625 0.13173828125 0.073046875
0 0.521875 0.38515625 0.0755859375 0.0548828125
0 0.278125 0.43359375 0.158984375 0.1115234375
0 0.4046875 0.34921875 0.1001953125 0.0634765625