0 0.12109375 0.65078125 0.2421875 0.296875
0 0.41015625 0.72890625 0.25390625 0.140625
0 0.646875 0.8421875 0.14453125 0.17421875
0 0.73125 0.52734375 0.1078125 0.04453125
0 0.61640625 0.475 0.13125 0.0703125
0 0.42265625 0.509375 0.103125 0.0546875
0 0.42578125 0.60703125 0.11328125 0.08828125
0 0.5484375 0.55859375 0.11328125 0.07578125
0 0.5796875 0.63515625 0.12890625 0.0625
0 0.521875 0.38515625 0.07421875 0.05234375
0 0.278125 0.43359375 0.1546875 0.10703125
0 0.4046875 0.34921875 0.09765625 0.05703125