0 0.7171875 0.9453125 0.146875 0.109375
0 0.5859375 0.7890625 0.1568359375 0.140234375
0 0.47109375 0.5890625 0.219921875 0.13818359375
0 0.728125 0.65 0.2935546875 0.149609375
0 0.27265625 0.5109375 0.13349609375 0.07822265625
0 0.53671875 0.42734375 0.1046875 0.1138671875
0 0.9171875 0.5109375 0.165625 0.14375
0 0.07265625 0.4828125 0.1453125 0.2037109375
0 0.3828125 0.3796875 0.091015625 0.0876953125
0 0.26484375 0.3234375 0.08564453125 0.0525390625
0 0.6484375 0.28515625 0.06181640625 0.05712890625
0 0.690625 0.4234375 0.172265625 0.14375