0 0.71796875 0.94765625 0.14296875 0.1046875
0 0.5859375 0.7890625 0.1484375 0.12734375
0 0.47109375 0.5890625 0.21171875 0.12265625
0 0.728125 0.65 0.28359375 0.1203125
0 0.27265625 0.5109375 0.128125 0.0671875
0 0.53671875 0.42734375 0.103125 0.11015625
0 0.9203125 0.51171875 0.159375 0.1359375
0 0.07265625 0.4828125 0.13203125 0.1953125
0 0.3828125 0.3796875 0.08828125 0.08515625
0 0.26484375 0.3234375 0.08359375 0.04765625
0 0.6484375 0.28515625 0.05703125 0.0546875
0 0.690625 0.4234375 0.16171875 0.1328125