0 0.7171875 0.94375 0.153125 0.1125
0 0.5859375 0.7890625 0.1564453125 0.13984375
0 0.47109375 0.5890625 0.217578125 0.1349609375
0 0.728125 0.65 0.28818359375 0.1337890625
0 0.27265625 0.5109375 0.13232421875 0.07158203125
0 0.53671875 0.42734375 0.101953125 0.1111328125
0 0.9171875 0.5109375 0.165625 0.146875
0 0.07265625 0.4828125 0.1359375 0.1974609375
0 0.3828125 0.3796875 0.08984375 0.084765625
0 0.26484375 0.3234375 0.0830078125 0.047265625
0 0.6484375 0.28515625 0.05908203125 0.05478515625
0 0.690625 0.4234375 0.171484375 0.143359375