0 0.5140625 0.88828125 0.18671875 0.2234375
0 0.7453125 0.71640625 0.14765625 0.171875
0 0.34375 0.52265625 0.1671875 0.09453125
0 0.50703125 0.50078125 0.121875 0.1375
0 0.696875 0.31171875 0.115625 0.103125
0 0.83203125 0.41484375 0.14140625 0.0859375
0 0.83515625 0.5265625 0.2125 0.1375
0 0.43984375 0.165625 0.23125 0.06875
0 0.43359375 0.29453125 0.08984375 0.034375
0 0.9734375 0.715625 0.053125 0.103125
0 0.33046875 0.2640625 0.0640625 0.06015625
0 0.465625 0.36796875 0.0515625 0.06015625
0 0.26640625 0.13984375 0.07734375 0.0515625
0 0.2890625 0.20859375 0.0578125 0.034375