0 0.51328125 0.8875 0.1890625 0.225
0 0.7453125 0.71640625 0.1595703125 0.182421875
0 0.34375 0.52265625 0.172265625 0.1044921875
0 0.50703125 0.50078125 0.1359375 0.15
0 0.696875 0.31171875 0.11796875 0.1046875
0 0.83203125 0.41484375 0.1490234375 0.101171875
0 0.83515625 0.5265625 0.2125 0.1375
0 0.43984375 0.165625 0.235546875 0.090234375
0 0.43359375 0.29453125 0.09150390625 0.039453125
0 0.9703125 0.71484375 0.059375 0.1078125
0 0.33046875 0.2640625 0.06875 0.06533203125
0 0.465625 0.36796875 0.0505859375 0.06123046875
0 0.26640625 0.13984375 0.07900390625 0.054296875
0 0.2890625 0.20859375 0.0619140625 0.0390625