0 0.51328125 0.8828125 0.2109375 0.234375
0 0.7453125 0.71640625 0.1498046875 0.173828125
0 0.34375 0.52265625 0.1693359375 0.09794921875
0 0.50703125 0.50078125 0.1296875 0.14375
0 0.696875 0.31171875 0.125 0.1140625
0 0.83203125 0.41484375 0.14599609375 0.0953125
0 0.83515625 0.5265625 0.2265625 0.1625
0 0.43984375 0.165625 0.2359375 0.09375
0 0.43359375 0.29453125 0.09189453125 0.044921875
0 0.971875 0.71484375 0.05625 0.1046875
0 0.33046875 0.2640625 0.0703125 0.0662109375
0 0.465625 0.36796875 0.05625 0.0646484375
0 0.26640625 0.13984375 0.0798828125 0.057421875
0 0.2890625 0.20859375 0.0591796875 0.034375