0 0.6484375 0.57734375 0.5689453125 0.27412109375
0 0.196875 0.6859375 0.165625 0.071484375
0 0.0390625 0.6484375 0.078125 0.13125
0 0.22265625 0.5703125 0.110546875 0.14755859375
0 0.43515625 0.40625 0.12041015625 0.0869140625
0 0.08671875 0.53125 0.104296875 0.0974609375
0 0.56953125 0.828125 0.1177734375 0.109765625
0 0.9046875 0.3734375 0.052734375 0.0599609375
0 0.8484375 0.396875 0.065625 0.0494140625
0 0.10234375 0.8203125 0.04794921875 0.04951171875
0 0.071875 0.7640625 0.025390625 0.02265625
0 0.325 0.73515625 0.022265625 0.0455078125