0 0.6484375 0.57734375 0.578515625 0.3017578125
0 0.196875 0.6859375 0.165625 0.071484375
0 0.03984375 0.6484375 0.0796875 0.13125
0 0.22265625 0.5703125 0.117578125 0.15302734375
0 0.43515625 0.40625 0.12041015625 0.0869140625
0 0.08671875 0.53125 0.098828125 0.09384765625
0 0.56953125 0.828125 0.1205078125 0.112890625
0 0.9046875 0.3734375 0.05234375 0.05986328125
0 0.8484375 0.396875 0.0625 0.04375
0 0.10234375 0.8203125 0.04794921875 0.04951171875
0 0.071875 0.7640625 0.02578125 0.025
0 0.325 0.73515625 0.021875 0.04560546875