0 0.62734375 0.81796875 0.21162109375 0.23837890625
0 0.43203125 0.91640625 0.1541015625 0.1666015625
0 0.39921875 0.78515625 0.0771484375 0.073828125
0 0.91484375 0.8046875 0.1703125 0.165625
0 0.94921875 0.946875 0.1015625 0.103125
0 0.8328125 0.65625 0.11015625 0.0931640625
0 0.3015625 0.67890625 0.087890625 0.15146484375
0 0.37421875 0.6625 0.0578125 0.07216796875
0 0.065625 0.7890625 0.05546875 0.0962890625
0 0.91171875 0.59609375 0.06142578125 0.075
0 0.3671875 0.540625 0.090625 0.0931640625