0 0.47421875 0.878125 0.3484375 0.18046875
0 0.6171875 0.5734375 0.1828125 0.053125
0 0.27890625 0.62890625 0.17421875 0.09140625
0 0.52421875 0.45078125 0.23125 0.053125
0 0.715625 0.46875 0.12890625 0.06953125
0 0.95390625 0.44375 0.0796875 0.08671875
0 0.52109375 0.378125 0.23125 0.07265625
0 0.72265625 0.35625 0.1484375 0.08671875
0 0.57734375 0.30234375 0.09140625 0.05078125
0 0.31171875 0.51171875 0.10859375 0.05078125
0 0.2515625 0.36875 0.10859375 0.04375
0 0.06171875 0.51171875 0.07109375 0.03125