0 0.47421875 0.878125 0.364453125 0.2193359375
0 0.6171875 0.5734375 0.187109375 0.069140625
0 0.27890625 0.62890625 0.1759765625 0.0955078125
0 0.52421875 0.45078125 0.232421875 0.058203125
0 0.715625 0.46875 0.1314453125 0.0755859375
0 0.95390625 0.44375 0.083203125 0.09091796875
0 0.52109375 0.378125 0.2359375 0.09931640625
0 0.72265625 0.35625 0.151953125 0.09404296875
0 0.57734375 0.30234375 0.0947265625 0.0552734375
0 0.31171875 0.51171875 0.11025390625 0.05458984375
0 0.2515625 0.36875 0.1095703125 0.046875
0 0.06171875 0.51171875 0.0732421875 0.0390625