0 0.47421875 0.878125 0.364453125 0.21943359375
0 0.6171875 0.5734375 0.1849609375 0.059375
0 0.27890625 0.62890625 0.18017578125 0.10810546875
0 0.52421875 0.45078125 0.2328125 0.0609375
0 0.715625 0.46875 0.13408203125 0.08134765625
0 0.95390625 0.44375 0.086328125 0.09365234375
0 0.52109375 0.378125 0.234375 0.08486328125
0 0.72265625 0.35625 0.1515625 0.0935546875
0 0.57734375 0.30234375 0.0923828125 0.0521484375
0 0.31171875 0.51171875 0.1107421875 0.0572265625
0 0.2515625 0.36875 0.10966796875 0.046484375
0 0.06171875 0.51171875 0.0708984375 0.034375