0 0.653125 0.809375 0.29716796875 0.23828125
0 0.07421875 0.75546875 0.1484375 0.1171875
0 0.66171875 0.49375 0.25 0.1220703125
0 0.7703125 0.3875 0.20625 0.0869140625
0 0.39765625 0.37265625 0.1978515625 0.125
0 0.58203125 0.34375 0.1486328125 0.127734375
0 0.478125 0.2484375 0.1181640625 0.0869140625
0 0.309375 0.59140625 0.056640625 0.03935546875
0 0.78203125 0.32734375 0.15107421875 0.070703125
0 0.66328125 0.234375 0.16767578125 0.11826171875
0 0.69453125 0.13828125 0.164453125 0.0955078125