0 0.653125 0.809375 0.31865234375 0.268359375
0 0.075 0.75546875 0.15 0.1203125
0 0.66171875 0.49375 0.25625 0.1380859375
0 0.7703125 0.3875 0.2037109375 0.07119140625
0 0.39765625 0.37265625 0.20185546875 0.1328125
0 0.58203125 0.34375 0.1396484375 0.116015625
0 0.478125 0.2484375 0.1193359375 0.0900390625
0 0.309375 0.59140625 0.059375 0.0427734375
0 0.78203125 0.32734375 0.15146484375 0.0734375
0 0.66328125 0.234375 0.16689453125 0.11591796875
0 0.69453125 0.13828125 0.160546875 0.08564453125