0 0.81328125 0.7859375 0.3734375 0.428125
0 0.43203125 0.815625 0.3609375 0.36875
0 0.090625 0.6625 0.178125 0.265234375
0 0.64375 0.30859375 0.193359375 0.1169921875
0 0.46875 0.4828125 0.0693359375 0.0751953125
0 0.57109375 0.48984375 0.0884765625 0.0798828125
0 0.7609375 0.41796875 0.1341796875 0.0796875
0 0.92265625 0.4609375 0.1546875 0.234375
0 0.140625 0.46640625 0.06875 0.0703125
0 0.25703125 0.4171875 0.0640625 0.0720703125
0 0.24921875 0.60703125 0.0875 0.0796875
0 0.36953125 0.396875 0.063671875 0.0662109375
0 0.49375 0.396875 0.06328125 0.0654296875
0 0.04765625 0.4265625 0.0953125 0.1
0 0.528125 0.21171875 0.13681640625 0.076171875
0 0.86328125 0.25859375 0.1416015625 0.1669921875
0 0.6875 0.17734375 0.1837890625 0.14208984375