0 0.81640625 0.78828125 0.36640625 0.42265625
0 0.4328125 0.81640625 0.32421875 0.3375
0 0.090625 0.6625 0.17265625 0.26171875
0 0.64375 0.30859375 0.1859375 0.103125
0 0.46875 0.4828125 0.06640625 0.0734375
0 0.57109375 0.48984375 0.08203125 0.0734375
0 0.7609375 0.41796875 0.13359375 0.08046875
0 0.92890625 0.46171875 0.14140625 0.2203125
0 0.140625 0.46640625 0.06796875 0.0703125
0 0.25703125 0.4171875 0.0640625 0.0734375
0 0.24921875 0.60703125 0.08203125 0.07578125
0 0.36953125 0.396875 0.059375 0.06328125
0 0.49375 0.396875 0.0609375 0.06328125
0 0.04609375 0.42734375 0.0921875 0.09296875
0 0.528125 0.21171875 0.13203125 0.06015625
0 0.86328125 0.25859375 0.13046875 0.15859375
0 0.6875 0.17734375 0.17265625 0.128125