0 0.80546875 0.77890625 0.3890625 0.4421875
0 0.4328125 0.81640625 0.33515625 0.3458984375
0 0.09609375 0.66171875 0.1921875 0.2796875
0 0.64375 0.30859375 0.1875 0.1052734375
0 0.46875 0.4828125 0.0693359375 0.0755859375
0 0.57109375 0.48984375 0.0892578125 0.0802734375
0 0.7609375 0.41796875 0.14091796875 0.094921875
0 0.9234375 0.4609375 0.153125 0.23125
0 0.140625 0.46640625 0.06875 0.0703125
0 0.25703125 0.4171875 0.065625 0.07431640625
0 0.24921875 0.60703125 0.0890625 0.082421875
0 0.36953125 0.396875 0.0640625 0.0681640625
0 0.49375 0.396875 0.066015625 0.0681640625
0 0.0484375 0.4265625 0.096875 0.103125
0 0.528125 0.21171875 0.1345703125 0.067578125
0 0.86328125 0.25859375 0.13837890625 0.16416015625
0 0.6875 0.17734375 0.1751953125 0.12998046875