0 0.7484375 0.70703125 0.46201171875 0.1765625
0 0.33046875 0.58046875 0.342578125 0.130078125
0 0.4421875 0.434375 0.194140625 0.1060546875
0 0.125 0.3765625 0.11181640625 0.0654296875
0 0.2046875 0.471875 0.2068359375 0.093359375
0 0.02265625 0.35078125 0.03916015625 0.0671875
0 0.41875 0.27890625 0.330859375 0.123046875
0 0.79375 0.34375 0.18447265625 0.097265625
0 0.62734375 0.1828125 0.1490234375 0.0380859375
0 0.66171875 0.48828125 0.0916015625 0.0666015625
0 0.50625 0.15546875 0.078125 0.05166015625
0 0.725 0.2515625 0.0931640625 0.068359375