0 0.7484375 0.70703125 0.46201171875 0.1765625
0 0.33046875 0.58046875 0.3453125 0.144921875
0 0.4421875 0.434375 0.19140625 0.0998046875
0 0.125 0.3765625 0.10634765625 0.0529296875
0 0.2046875 0.471875 0.2033203125 0.078125
0 0.02265625 0.35078125 0.0423828125 0.06875
0 0.41875 0.27890625 0.328125 0.111328125
0 0.79375 0.34375 0.1845703125 0.097265625
0 0.62734375 0.1828125 0.1490234375 0.0404296875
0 0.66171875 0.48828125 0.09501953125 0.07099609375
0 0.50625 0.15546875 0.08125 0.05751953125
0 0.725 0.2515625 0.09013671875 0.0623046875