0 0.36640625 0.8734375 0.1701171875 0.1806640625
0 0.52578125 0.71328125 0.223046875 0.1458984375
0 0.26796875 0.61015625 0.204296875 0.13125
0 0.42265625 0.56484375 0.0796875 0.08662109375
0 0.75078125 0.9546875 0.1671875 0.090625
0 0.08203125 0.4796875 0.101171875 0.0779296875
0 0.18046875 0.49609375 0.0859375 0.104296875
0 0.95859375 0.525 0.0828125 0.13125
0 0.73828125 0.51015625 0.1611328125 0.0603515625
0 0.80390625 0.44609375 0.05625 0.0611328125
0 0.7515625 0.34921875 0.096875 0.0580078125
0 0.69453125 0.4140625 0.1234375 0.072265625
0 0.34609375 0.4453125 0.2515625 0.14658203125
0 0.315625 0.31015625 0.3150390625 0.1271484375
0 0.64140625 0.35859375 0.0546875 0.0357421875