0 0.36640625 0.8734375 0.16015625 0.17109375
0 0.52578125 0.71328125 0.21796875 0.13984375
0 0.26796875 0.61015625 0.196875 0.11875
0 0.42265625 0.56484375 0.078125 0.08515625
0 0.7515625 0.95546875 0.16640625 0.08828125
0 0.08203125 0.4796875 0.096875 0.07109375
0 0.18046875 0.49609375 0.08203125 0.1
0 0.96015625 0.52578125 0.0796875 0.13046875
0 0.73828125 0.51015625 0.16015625 0.05703125
0 0.80390625 0.44609375 0.0515625 0.05703125
0 0.7515625 0.34921875 0.09296875 0.05234375
0 0.69453125 0.4140625 0.11796875 0.059375
0 0.34609375 0.4453125 0.2453125 0.13515625
0 0.315625 0.31015625 0.30859375 0.10703125
0 0.64140625 0.35859375 0.053125 0.03359375