0 0.36640625 0.8734375 0.1708984375 0.1814453125
0 0.52578125 0.71328125 0.229296875 0.1572265625
0 0.26796875 0.61015625 0.207421875 0.1390625
0 0.42265625 0.56484375 0.0796875 0.0865234375
0 0.75078125 0.9515625 0.1734375 0.096875
0 0.08203125 0.4796875 0.104296875 0.0814453125
0 0.18046875 0.49609375 0.0875 0.1046875
0 0.95625 0.525 0.0875 0.1375
0 0.73828125 0.51015625 0.1611328125 0.0611328125
0 0.80390625 0.44609375 0.0515625 0.05771484375
0 0.7515625 0.34921875 0.09375 0.0517578125
0 0.69453125 0.4140625 0.120703125 0.06484375
0 0.34609375 0.4453125 0.255078125 0.15634765625
0 0.315625 0.31015625 0.31552734375 0.13310546875
0 0.64140625 0.35859375 0.054296875 0.0333984375