0 0.5609375 0.84921875 0.36875 0.2421875
0 0.384375 0.63125 0.06875 0.0625
0 0.13828125 0.7390625 0.2765625 0.521875
0 0.63046875 0.35703125 0.2421875 0.0859375
0 0.72578125 0.4625 0.2109375 0.08828125
0 0.7234375 0.53125 0.05 0.03984375
0 0.834375 0.609375 0.071875 0.07890625
0 0.75703125 0.68125 0.0703125 0.09296875
0 0.51875 0.540625 0.1625 0.1
0 0.346875 0.41640625 0.0875 0.06484375
0 0.390625 0.32109375 0.16875 0.06953125
0 0.86171875 0.80546875 0.1859375 0.1375
0 0.921875 0.95234375 0.128125 0.0953125