0 0.5609375 0.84921875 0.383984375 0.266796875
0 0.384375 0.63125 0.072265625 0.06796875
0 0.15234375 0.7328125 0.3046875 0.534375
0 0.63046875 0.35703125 0.2484375 0.115625
0 0.72578125 0.4625 0.215625 0.1025390625
0 0.7234375 0.53125 0.05 0.04091796875
0 0.834375 0.609375 0.077734375 0.0841796875
0 0.75703125 0.68125 0.075 0.0966796875
0 0.51875 0.540625 0.168359375 0.109375
0 0.346875 0.41640625 0.091015625 0.0701171875
0 0.390625 0.32109375 0.17421875 0.0853515625
0 0.86171875 0.80546875 0.194921875 0.148828125
0 0.92109375 0.94921875 0.1359375 0.1015625