0 0.5609375 0.84921875 0.387109375 0.271875
0 0.384375 0.63125 0.06953125 0.06328125
0 0.14765625 0.734375 0.2953125 0.53125
0 0.63046875 0.35703125 0.2421875 0.0875
0 0.72578125 0.4625 0.2140625 0.0966796875
0 0.7234375 0.53125 0.052734375 0.04365234375
0 0.834375 0.609375 0.07578125 0.08173828125
0 0.75703125 0.68125 0.0796875 0.0998046875
0 0.51875 0.540625 0.16953125 0.11328125
0 0.346875 0.41640625 0.091015625 0.07001953125
0 0.390625 0.32109375 0.16953125 0.07373046875
0 0.86171875 0.80546875 0.2 0.158203125
0 0.921875 0.9484375 0.1375 0.103125