0 0.74375 0.38984375 0.04931640625 0.108203125
0 0.83203125 0.35390625 0.1392578125 0.3892578125
0 0.6375 0.8296875 0.09990234375 0.225390625
0 0.4546875 0.49140625 0.133984375 0.2734375
0 0.4890625 0.73984375 0.091015625 0.1517578125
0 0.196875 0.90703125 0.05869140625 0.10439453125
0 0.09921875 0.8109375 0.06962890625 0.1060546875
0 0.7875 0.8671875 0.0685546875 0.0845703125
0 0.796875 0.95859375 0.1625 0.0828125
0 0.95546875 0.1453125 0.0890625 0.26875
0 0.96484375 0.84765625 0.0703125 0.3046875
0 0.725 0.60703125 0.084765625 0.1609375
0 0.815625 0.6765625 0.050390625 0.08095703125
0 0.09453125 0.059375 0.098828125 0.112109375
0 0.6828125 0.2765625 0.028515625 0.0431640625