0 0.74375 0.38984375 0.03828125 0.10546875
0 0.83203125 0.35390625 0.13046875 0.38671875
0 0.6375 0.8296875 0.08671875 0.22109375
0 0.4546875 0.49140625 0.10390625 0.265625
0 0.4890625 0.73984375 0.090625 0.15234375
0 0.196875 0.90703125 0.05390625 0.10234375
0 0.09921875 0.8109375 0.0640625 0.10546875
0 0.7875 0.8671875 0.0671875 0.08671875
0 0.79765625 0.96171875 0.1578125 0.07578125
0 0.959375 0.14609375 0.08046875 0.265625
0 0.96796875 0.8484375 0.0640625 0.303125
0 0.725 0.60703125 0.08515625 0.1609375
0 0.815625 0.6765625 0.046875 0.07890625
0 0.09453125 0.059375 0.0890625 0.10234375
0 0.6828125 0.2765625 0.025 0.0421875