0 0.74375 0.38984375 0.04931640625 0.108203125
0 0.83203125 0.35390625 0.16142578125 0.39462890625
0 0.6375 0.8296875 0.0998046875 0.225390625
0 0.4546875 0.49140625 0.128515625 0.2734375
0 0.4890625 0.73984375 0.09609375 0.1544921875
0 0.196875 0.90703125 0.05595703125 0.10205078125
0 0.09921875 0.8109375 0.07001953125 0.1064453125
0 0.7875 0.8671875 0.0775390625 0.0912109375
0 0.796875 0.96015625 0.159375 0.0796875
0 0.95546875 0.1453125 0.0890625 0.26875
0 0.9625 0.84765625 0.075 0.3046875
0 0.725 0.60703125 0.09921875 0.1671875
0 0.815625 0.6765625 0.052734375 0.0814453125
0 0.09453125 0.059375 0.0890625 0.103125
0 0.6828125 0.2765625 0.028515625 0.043359375