0 0.2109375 0.7984375 0.17119140625 0.11630859375
0 0.49375 0.90625 0.3 0.1875
0 0.3515625 0.48046875 0.11494140625 0.0953125
0 0.2109375 0.3796875 0.108984375 0.09404296875
0 0.0375 0.565625 0.07490234375 0.11240234375
0 0.0546875 0.43515625 0.109375 0.1484375
0 0.5578125 0.615625 0.1376953125 0.1337890625
0 0.47890625 0.34609375 0.1517578125 0.101171875
0 0.82578125 0.875 0.3484375 0.25
0 0.72109375 0.53359375 0.1296875 0.1109375
0 0.80703125 0.6921875 0.0796875 0.084375
0 0.7015625 0.28359375 0.094140625 0.058203125
0 0.425 0.23203125 0.04072265625 0.0484375
0 0.93828125 0.55625 0.0671875 0.0568359375
0 0.39296875 0.72890625 0.195703125 0.1265625
0 0.33125 0.3859375 0.1275390625 0.047265625
0 0.56875 0.27890625 0.083984375 0.048828125
0 0.49140625 0.22109375 0.0611328125 0.0697265625
0 0.328125 0.23359375 0.0876953125 0.0978515625