0 0.2109375 0.7984375 0.16640625 0.10859375
0 0.49453125 0.91015625 0.2921875 0.1796875
0 0.3515625 0.48046875 0.11015625 0.08984375
0 0.2109375 0.3796875 0.103125 0.08671875
0 0.0375 0.565625 0.07421875 0.1125
0 0.0546875 0.4359375 0.0984375 0.14140625
0 0.5578125 0.615625 0.12734375 0.121875
0 0.47890625 0.34609375 0.146875 0.08984375
0 0.82890625 0.8796875 0.3421875 0.240625
0 0.72109375 0.53359375 0.1203125 0.09921875
0 0.80703125 0.6921875 0.071875 0.0765625
0 0.7015625 0.28359375 0.090625 0.0484375
0 0.425 0.23203125 0.04140625 0.0484375
0 0.93828125 0.55625 0.0640625 0.0546875
0 0.39296875 0.72890625 0.1953125 0.125
0 0.33125 0.3859375 0.125 0.04140625
0 0.56875 0.27890625 0.0828125 0.04453125
0 0.49140625 0.22109375 0.05546875 0.0640625
0 0.328125 0.23359375 0.07890625 0.08984375