0 0.2109375 0.7984375 0.17509765625 0.12490234375
0 0.49375 0.903125 0.30625 0.19375
0 0.3515625 0.48046875 0.11494140625 0.0953125
0 0.2109375 0.3796875 0.112109375 0.09755859375
0 0.0390625 0.56484375 0.078125 0.1171875
0 0.0546875 0.4359375 0.1037109375 0.144140625
0 0.5578125 0.615625 0.13701171875 0.13095703125
0 0.47890625 0.34609375 0.15205078125 0.103125
0 0.8265625 0.8765625 0.346875 0.246875
0 0.72109375 0.53359375 0.1265625 0.10625
0 0.80703125 0.6921875 0.071875 0.0779296875
0 0.7015625 0.28359375 0.094140625 0.0578125
0 0.425 0.23203125 0.04384765625 0.051171875
0 0.93828125 0.55625 0.064453125 0.0556640625
0 0.39296875 0.72890625 0.204296875 0.140625
0 0.33125 0.3859375 0.1279296875 0.05234375
0 0.56875 0.27890625 0.0841796875 0.051171875
0 0.49140625 0.22109375 0.05791015625 0.06689453125
0 0.328125 0.23359375 0.0841796875 0.0947265625