0 0.8703125 0.540625 0.20927734375 0.1716796875
0 0.84765625 0.709375 0.15810546875 0.11533203125
0 0.9296875 0.865625 0.140625 0.16875
0 0.5234375 0.5015625 0.19091796875 0.15556640625
0 0.7453125 0.20859375 0.09736328125 0.084375
0 0.82421875 0.36640625 0.067578125 0.05537109375
0 0.45234375 0.22265625 0.12705078125 0.08623046875
0 0.5890625 0.2640625 0.09365234375 0.066015625
0 0.39453125 0.1203125 0.14267578125 0.0806640625
0 0.315625 0.03515625 0.25625 0.0703125
0 0.33359375 0.46875 0.061328125 0.06953125
0 0.028125 0.56015625 0.05625 0.0609375