0 0.8703125 0.540625 0.2087890625 0.16953125
0 0.84765625 0.709375 0.1576171875 0.1126953125
0 0.92578125 0.86484375 0.1484375 0.1828125
0 0.5234375 0.5015625 0.18427734375 0.14423828125
0 0.7453125 0.20859375 0.09697265625 0.083203125
0 0.82421875 0.36640625 0.070703125 0.06044921875
0 0.45234375 0.22265625 0.12314453125 0.07724609375
0 0.5890625 0.2640625 0.0970703125 0.071875
0 0.39453125 0.1203125 0.14228515625 0.0783203125
0 0.315625 0.0359375 0.25625 0.071875
0 0.33359375 0.46875 0.06875 0.0751953125
0 0.02734375 0.56015625 0.0546875 0.0578125