0 0.8703125 0.540625 0.19296875 0.1484375
0 0.84765625 0.709375 0.15078125 0.10390625
0 0.93046875 0.865625 0.1390625 0.1671875
0 0.5234375 0.5015625 0.18046875 0.14140625
0 0.7453125 0.20859375 0.09765625 0.0828125
0 0.82421875 0.36640625 0.0671875 0.05390625
0 0.45234375 0.22265625 0.12109375 0.07265625
0 0.5890625 0.2640625 0.09296875 0.065625
0 0.39453125 0.1203125 0.13984375 0.0703125
0 0.31640625 0.028125 0.253125 0.05625
0 0.33359375 0.46875 0.0609375 0.0703125
0 0.02734375 0.5609375 0.0546875 0.05625