0 0.19921875 0.77421875 0.3984375 0.31875
0 0.61484375 0.66640625 0.19296875 0.2125
0 0.20703125 0.3875 0.23046875 0.11875
0 0.52421875 0.44453125 0.19296875 0.153125
0 0.73125 0.3296875 0.1625 0.08671875
0 0.721875 0.4703125 0.09296875 0.12109375
0 0.4765625 0.2515625 0.09453125 0.0640625
0 0.378125 0.2125 0.08359375 0.0546875
0 0.7796875 0.23046875 0.0984375 0.1109375
0 0.68046875 0.21875 0.08359375 0.09609375
0 0.31484375 0.53046875 0.2015625 0.14296875
0 0.54140625 0.171875 0.078125 0.0765625
0 0.9125 0.08125 0.04453125 0.04921875
0 0.659375 0.10234375 0.10703125 0.08125
0 0.959375 0.15078125 0.08046875 0.0625