0 0.20703125 0.7734375 0.4140625 0.3625
0 0.61484375 0.66640625 0.21455078125 0.232421875
0 0.20703125 0.3875 0.2365234375 0.133984375
0 0.52421875 0.44453125 0.2048828125 0.1705078125
0 0.73125 0.3296875 0.16796875 0.0966796875
0 0.721875 0.4703125 0.10380859375 0.1287109375
0 0.4765625 0.2515625 0.0962890625 0.0681640625
0 0.378125 0.2125 0.08818359375 0.0630859375
0 0.7796875 0.23046875 0.1033203125 0.116796875
0 0.68046875 0.21875 0.0857421875 0.0974609375
0 0.31484375 0.53046875 0.20419921875 0.146875
0 0.54140625 0.171875 0.078125 0.0751953125
0 0.9125 0.08125 0.0474609375 0.053125
0 0.659375 0.10234375 0.10947265625 0.085546875
0 0.9578125 0.15 0.084375 0.06875