0 0.20390625 0.7734375 0.4078125 0.34375
0 0.61484375 0.66640625 0.2146484375 0.232421875
0 0.20703125 0.3875 0.23916015625 0.140625
0 0.52421875 0.44453125 0.20751953125 0.17373046875
0 0.73125 0.3296875 0.169140625 0.10341796875
0 0.721875 0.4703125 0.09404296875 0.1220703125
0 0.4765625 0.2515625 0.0966796875 0.0689453125
0 0.378125 0.2125 0.0876953125 0.062109375
0 0.7796875 0.23046875 0.1 0.113671875
0 0.68046875 0.21875 0.08876953125 0.10029296875
0 0.31484375 0.53046875 0.2146484375 0.165625
0 0.54140625 0.171875 0.080078125 0.078125
0 0.9125 0.08125 0.04736328125 0.053125
0 0.659375 0.10234375 0.1123046875 0.088671875
0 0.95859375 0.15078125 0.0828125 0.0640625