0 0.671875 0.60546875 0.2533203125 0.232421875
0 0.31328125 0.840625 0.4234375 0.31875
0 0.34375 0.45390625 0.34072265625 0.17412109375
0 0.63828125 0.1875 0.1697265625 0.08671875
0 0.64140625 0.36953125 0.229296875 0.123828125
0 0.88046875 0.44765625 0.1419921875 0.1109375
0 0.92265625 0.746875 0.144921875 0.178125
0 0.8015625 0.94296875 0.303125 0.1140625
0 0.21796875 0.2265625 0.170703125 0.093359375
0 0.465625 0.29140625 0.147265625 0.079296875
0 0.5796875 0.109375 0.11875 0.0681640625
0 0.72578125 0.0828125 0.1765625 0.1255859375
0 0.375 0.08671875 0.246875 0.1734375