0 0.671875 0.60546875 0.25078125 0.228125
0 0.3140625 0.84296875 0.40703125 0.29921875
0 0.34375 0.45390625 0.33515625 0.159375
0 0.63828125 0.1875 0.1625 0.06875
0 0.64140625 0.36953125 0.22109375 0.1078125
0 0.88046875 0.44765625 0.13984375 0.10703125
0 0.92265625 0.746875 0.1265625 0.165625
0 0.80234375 0.94921875 0.29609375 0.09453125
0 0.21796875 0.2265625 0.16953125 0.0875
0 0.465625 0.29140625 0.14296875 0.06875
0 0.5796875 0.109375 0.1171875 0.06171875
0 0.72578125 0.0828125 0.16953125 0.1140625
0 0.37578125 0.0859375 0.2375 0.165625