0 0.671875 0.60546875 0.26572265625 0.245703125
0 0.31328125 0.8421875 0.4171875 0.315625
0 0.34375 0.45390625 0.34111328125 0.17685546875
0 0.63828125 0.1875 0.1638671875 0.06875
0 0.64140625 0.36953125 0.2234375 0.1109375
0 0.88046875 0.44765625 0.14462890625 0.1140625
0 0.92265625 0.746875 0.1265625 0.165625
0 0.8015625 0.9453125 0.3 0.109375
0 0.21796875 0.2265625 0.169921875 0.090234375
0 0.465625 0.29140625 0.146875 0.0765625
0 0.5796875 0.109375 0.11875 0.0681640625
0 0.72578125 0.0828125 0.1734375 0.1212890625
0 0.375 0.090625 0.25625 0.18125